"V1" "V2" "V3" "V4" "V5" "V6" "V7"
0.524721638311621 0.595646156313184 0.469582820811519 0.343036362309189 0.495920400238041 0.397612118849554 0.500935579317697
0.412902792594566 0.49139323753618 0.377988893050875 0.280801359769982 0.390649171216385 0.296306863952082 0.415180509502275
1.09749837532013 1.37387007082256 1.00177481346021 0.626117762061954 1.03883814561877 0.773656186557468 1.06215829822514
0.833518083628475 1.03307894403982 0.790275718814106 0.538715764807419 0.834857881326267 0.583535425170724 0.833303764202859
1.08397143048495 1.35487135253486 1.0472456774145 0.724435702628695 1.05849422319781 0.796626001472988 1.06445197268301
1.24841332936012 1.46466645958687 1.14403820014241 0.789955665265066 1.17236537452342 0.93162879557489 1.1495425740411
0.667309476646361 0.76272404580755 0.636138260333502 0.558187581859829 0.619199942688691 0.547404436784372 0.640113167199037
0.201155827633522 0.132144335858657 0.194556449141745 0.257103347665292 0.215522646592149 0.207548702668524 0.19868350892972
0.649091703346616 0.573200684907919 0.579716749354802 0.480425597632184 0.588932169361494 0.583361318756638 0.559618154219638
2.99328400908399 2.88501037696878 2.92114247774843 1.27698567774781 2.54473323321668 1.71565003699015 2.65457485593944
3.26445970619483 2.83137712278665 3.20694353219769 1.81186916785584 2.92139551055948 2.16716109492311 2.8237256509718
0.150643891624987 0.0924431609737646 0.147000888106391 0.155112770944489 0.162971289994086 0.144523554137404 0.145489449506766
1.0434593605355 1.0959668429867 1.0120035021693 0.804688860024943 0.975443789339209 0.865930089002148 0.91665668103673
1.28050600924588 1.42684939772554 1.22829366286618 0.947286940915138 1.08074821890924 1.12105229297822 1.02560466753495
1.27719185428212 1.52001961497249 1.23437333134857 0.894022941035294 1.12681362637319 1.07698805462053 1.10062361539621
1.76637748501648 2.07182025471096 1.66081099277151 1.22139102873948 1.57604690788777 1.52140330032835 1.48106545066983
1.87427190631979 2.18474826564082 1.76234065409867 1.3043835404134 1.62106665838061 1.6497237276033 1.50984021964289
0.661873484436423 0.58146668801277 0.618739168004301 0.504190242425101 0.597060829631658 0.651268985739546 0.556008485693034
0.518200265811445 0.446298086198274 0.480626494265217 0.436261023463759 0.48367848092828 0.560406041386546 0.42864560829175
0.164601252845874 0.127035435166799 0.159577960249308 0.17890316560004 0.135010172888954 0.203360060650899 0.140148767054097
0.0894131953831793 0.0312325969266706 0.0806346942547265 0.114412072672043 0.0508923317145009 0.106677056476209 0.0582987239315198
0.219984694755767 0.207075378683843 0.193445078896693 0.152974802342968 0.175465549548018 0.193518305306801 0.207307019483577
0.0871144080465752 0.0404832358886044 0.0669385693504209 0.0824737942275895 0.0604127734065582 0.102582976835994 0.0751747370938665
0.0958543800365015 0.257105118337564 0.0863649301312045 0.0146575925323957 0.102083424380936 0.0308076261815598 0.0856152911402821
0.093565864389231 0.0711232982701303 0.0978400387999336 0.108337636471366 0.090562313639967 0.101044016628449 0.100712109762394
0.222032025962986 0.243491533849227 0.226182676479837 0.183784497116558 0.191204227573537 0.20791841536896 0.218561929770788
0.454365284544614 0.538666383650096 0.452041947973616 0.304638924566804 0.401713943645693 0.412188566704902 0.437090120906286
0.820340396975851 1.06768408117215 0.814367372791346 0.490752528003821 0.742322828738523 0.649559557587897 0.78501556545115
0.610908414663685 0.73577721191607 0.598042675043019 0.416288866145566 0.58395817616466 0.478122130490812 0.599985832584889
0.41018548778707 0.439409991299792 0.406240553384267 0.282176291099625 0.371279904765586 0.333133087414016 0.389657151454968
1.66972908401216 2.20035919944855 1.6200839792877 0.935010796003483 1.28023517147791 0.867330550759888 1.39424818499353
0.566584390588045 0.617491589442115 0.555524234470055 0.43199871969025 0.482873652657633 0.494126423697982 0.499740280599404
0.818122815241027 0.932509295915015 0.795057993707711 0.560270146723992 0.732785401175872 0.662084533927385 0.744914789668605
1.28922569140168 1.60787373681845 1.24763112054352 0.829659334817686 1.15286059513995 1.00533172375567 1.17085350772572
1.640641412983 2.18538189964351 1.58338022156654 1.03881211695223 1.41375683895524 1.23467120797355 1.47821441272629
1.46099357791523 1.93267245728595 1.42894070362618 0.93248738945578 1.32017614893495 1.13649023025972 1.36047338743795
1.11069205520209 1.43201098428709 1.13810871071979 0.800191976898559 0.974836481406218 0.927603042878001 1.01264532079154
0.172534486906821 0.104720479003211 0.202014368136423 0.245329388765909 0.175943658206558 0.23278823039244 0.137892324406283
0.309320895999708 0.301610549042111 0.342947331165464 0.321815073404397 0.315410167739823 0.330830537125248 0.290162239788422
0.140102510281635 0.14083934705536 0.141319494193954 0.14563760995382 0.125740893779644 0.139253315947248 0.139428286866515
1.31780617914181 1.78624948663502 1.25430659838682 0.922152077868395 1.17097535144627 1.07712504268092 1.19730098682093
0.152696507415355 0.127847722882881 0.152677836933738 0.145378027593874 0.107730637284945 0.164812047651613 0.132938266348593
0.684638302873947 0.172467663328051 0.714352242393555 0.457320174730961 0.551043837569177 0.491629015986925 0.502932222535154
0.850529466189935 1.0925287787557 0.873889793921463 0.597740550150108 0.793857676487008 0.658327072051074 0.820170498158719
0.533825829898467 0.660515519915573 0.52673866731247 0.350960067112372 0.561685761103363 0.400483450942858 0.556351887122464
0.336442647104093 0.159180498146653 0.336827906454261 0.226914363567891 0.320404940075536 0.262068654578268 0.304036442636517
0.888483754012895 1.14351424345595 0.878710935572644 0.573810165885509 0.898991402695004 0.684760802509282 0.883607226366669
1.0441513456159 1.4904169970223 1.06631272827115 0.667718233732195 1.0276664780512 0.791231891635602 1.07050740524919
1.12573187015256 1.60264813098003 1.17181640964667 0.782019386893796 1.26045706364404 0.890683120273556 1.21484542946429
0.547591725155758 0.59135354761946 0.58981041534279 0.440668312272314 0.59630976213096 0.474439839450705 0.546680044688795
0.648290839579425 0.825217783380501 0.636473984908596 0.444232287984579 0.629419750223752 0.534692069011545 0.649819767758254
1.19149923415254 1.5655220220999 1.15722254792476 0.755344877339018 1.07572061568727 0.890315805696811 1.12443269387793
0.849834463188356 1.14088587633143 0.822561053280837 0.573021801451071 0.718770092610571 0.679845064787424 0.781723073373145
1.43543839019375 1.88926060684675 1.40310219157854 0.909771307870297 1.36073406175996 1.07083855164648 1.36856633533547
1.2586496983169 1.71793003784195 1.23804427012869 0.821358112322416 1.15383477817444 0.997540330549258 1.19028939684426
0.576233615556148 0.67375476548138 0.553515564776004 0.445465479862792 0.501511829693209 0.511191470539425 0.515184624444851
1.04895176372537 1.35868241459577 1.02505328960721 0.737893102034008 0.951376498449708 0.870754884123907 0.961174231968792
0.658329311347749 0.751031591952997 0.641815673464561 0.451362746564132 0.59245212415601 0.540512295201478 0.589332996664028
1.10217523399284 1.47259674885641 1.12422487902214 0.700310458922421 1.01049620952514 0.883490810479658 1.02991514338872
1.05386431653816 1.29043554884545 1.04949233579794 0.682090537980797 1.03782614634461 0.870758794700619 0.996860210480935
0.962034001353782 1.18815496762441 0.928384671349064 0.676588282313144 0.792028249795854 0.803159578606245 0.838728739603942
0.883040508895556 1.11891703855742 0.860700475558588 0.616921544897313 0.802264476671467 0.717718850871991 0.815142041459449
0.824443474833921 0.967821707672455 0.805707390385055 0.617810377077941 0.700845415588361 0.706595335187661 0.707189481419647
0.0340659771969579 0.00510894378756948 0.0498481388031585 0.103143899537581 0.0567668470663311 0.0692712704131159 0.0377918956707927
0.357753708655267 0.238608077510372 0.395733365624612 0.316931398447284 0.411075480283554 0.31662246521559 0.343831619106299
0.45856841066102 0.600257105675674 0.495485904996228 0.402943556835197 0.501116323269605 0.407846547293091 0.496280729012938
3.02970795496001 2.61180707877658 2.88652669635843 1.47324183574874 2.48266767179788 1.97630866502874 2.41761345608271
0.438757770120761 0.482082512632575 0.437565374281209 0.331047943499827 0.491660397832865 0.365785780950376 0.476285960927724
1.08515537994069 1.432477646244 1.08016788165038 0.70071597691962 1.11654302693003 0.830077134815919 1.09458010399878
0.664863705390284 0.860209146946595 0.654291740072825 0.459171361436315 0.684006242822262 0.533853919929042 0.68542013900541
2.0373023808518 2.32606731887961 2.08744687263503 1.71794853239686 2.33249071412977 1.87687021098445 1.86509931957672
0.00932359894011787 0.00373261341398147 0.0123612247467877 0.0222803760397749 0.0105053506372665 0.023635958721927 0.0158082844419493
0.143415720312359 0.0479438592227325 0.121904527761097 0.126520882415908 0.146231467434068 0.167333210292569 0.132691874842617
0.480766522294877 0.528289017971876 0.436289246834823 0.322579849451459 0.435534167726148 0.423615244870913 0.442972728999337
1.2537132610165 1.51742416582023 1.15382137667732 0.799379801180065 1.09371764154245 1.03414098410875 1.11239963316
1.20509491335396 1.55098138197618 1.15094780704107 0.767320572939725 1.01701873672498 0.934839608250027 1.06443489621669
0.820420013260834 0.939437647471127 0.749296215436429 0.496471022800685 0.724498252525171 0.640311854799747 0.747445712714155
0.830011256378238 1.05475485601327 0.790147437057391 0.49850465994647 0.732909798273297 0.635051698897814 0.77970773652649
1.08068448855742 1.41183344622839 1.01725297610331 0.661518736018217 0.879008801426877 0.814573361931915 0.963346151720922
0.172080614059785 0.122613712005507 0.153049304520414 0.143754377868239 0.107082073234399 0.161220599481557 0.126493138686389
0.266095478833498 0.25412264208148 0.242917165869523 0.227478105528697 0.177032626884798 0.244197243159512 0.197943290408192
0.20297773819598 0.185050611973974 0.179640092488736 0.153206375947297 0.203009787338741 0.210708183947305 0.198292611338694
0.585815051533313 0.71471760349535 0.538813625882712 0.302298885178551 0.522077110612947 0.495891588549578 0.53833810181454
1.07500144724986 1.1420500046305 1.00354981462211 0.675681389574738 1.00123758240465 0.864892012312659 0.970941911773686
0.29981872677784 1.14052654833895 0.321625742001165 0.0658508104439068 0.35615902821111 0.165787245028847 0.389126072818767
0.0628386193643699 0.218460403288649 0.0662370087833467 0.00604372815786958 0.0697611948510864 0.0139035680210013 0.0665142088007389
0.464307490216822 0.858118451511278 0.517912928927609 0.18158274392691 0.51242399490305 0.181380208539869 0.49470559149069
1.94065791203036e-06 0.0168931661522863 0.0021282347245027 0.0226738076539277 0.00385149971271392 0.0227494439799816 0.00208880312610103
0.367428101855967 0.344350614318509 0.361239338098192 0.3661973844427 0.320245300327891 0.420259425570501 0.301224484157159
0.386354701826763 0.40845985982088 0.373579591315486 0.308909820023614 0.348245516581072 0.357372379991762 0.347467328493454
0.00711284115259861 0.000673443920924347 0.00732594396594435 0.0487628835364754 0.00533786710543178 0.0380197298522699 0.00453096206548011
0.0990154057688249 0.0232656509406178 0.0894642071982309 0.116096235892487 0.0503521663182575 0.132749436993835 0.0557017469437194
0.428417806721021 0.197261869930428 0.376602003814696 0.314043993086425 0.329628248784555 0.379598859864435 0.324256873869241
1.15933545299421 1.15009079817494 1.32975277605855 0.211733521773813 0.899582689152614 0.472257057308325 0.841818352196547
3.18176261016679 2.69313180959767 3.1146299200321 1.56891840714993 3.06642805276744 2.04281712371564 2.78306599329503
0.0191915032037079 0.0452599983334306 0.0169621137958559 0.0484826791759987 0.00373197626768571 0.0417456602992185 0.00421609149002727
1.08839801002503 1.29885866495317 1.0682485524812 0.37640922178235 0.963985191514599 0.598131744338772 0.892917577814616
0.522326342695235 0.641915451780601 0.504869963274733 0.349914791316582 0.470244733529363 0.405766467597379 0.507616411274774
0.0245490888762359 0.0323162453574138 0.0145341110106031 0.0625683457270076 0.0124704214827382 0.0507784904823881 0.0248778758107567
0.29054958076037 0.536947376325412 0.285710830033292 0.0888552728972809 0.295555031530243 0.148738705381634 0.267008783284944
0.0325712117966865 0.113486065466463 0.0385904291667965 0.00242098799710515 0.0476110999536526 0.00901562155690972 0.0342651290891852
0.134209709835192 0.114841051706061 0.119262027968058 0.104171261377985 0.0903674078494438 0.122173138634593 0.118332251866802
0.272752263842822 0.322165738697543 0.255783842611798 0.197951148815007 0.205233427676737 0.223735737299407 0.244421244357179
0.0962765689334256 0.228155211595688 0.0830925969527018 0.0119474676900823 0.112045178956376 0.0239155582440851 0.0888821725925753
0.000308873548794828 0.0294010850453356 1.32772018952298e-05 0.0186675827915162 0.00141648631161023 0.0093514445686523 0.000727451847977254
0.818428289905826 0.798948110007973 0.778751365277224 0.563103216904542 0.658315597527029 0.667210681236662 0.694770718678679
0.00964828372108833 0.0263729069759195 0.0066118976837812 0.0225954556272417 0.00145641762151208 0.0180060988885159 0.00261939731283816
0.334333344213042 0.388548354033194 0.309259069890315 0.232741464996904 0.252392023710174 0.282067859225613 0.300604581125367
2.91883477277382 2.51653485248751 2.74025531780335 1.35332911775612 2.5439180101033 1.90537665632685 2.39937220383099
0.379003906281416 0.57969357227801 0.369650817894623 0.115046520019719 0.336722924489172 0.216886842548522 0.308502375717761
0.00473982036977697 0.00168702164299285 0.00371693860704792 0.021378348039627 0.00112939307198181 0.0117168322965583 0.00350857601644437
1.25531901381181 1.49259950345733 1.22758984140812 0.748583345937599 1.01728761704742 1.05107571554988 1.0356210480988
0.946916085109285 1.18035730915136 0.875767586611175 0.616924951618622 0.75157460013219 0.710391294516781 0.822489742562433
0.681014386726423 0.591778244666118 0.615988496047769 0.451671838756196 0.466039591042279 0.490858558736318 0.513318879283514
0.922301036302475 1.30783220101211 0.845476395664282 0.52125448995331 0.745328772004793 0.710841246014092 0.824385733221409
1.0837630562005 1.38985650063161 1.01357101844049 0.687203526639283 0.880097799670202 0.782743196820925 0.958709149059694
0.282760181477542 0.26034120975421 0.25055166182478 0.21874043365573 0.187624724250302 0.223495516594776 0.220700570275633
0.533599179191122 0.717189972567697 0.488764015400538 0.406272609741085 0.426748721493961 0.424358295371431 0.477123507107325
0.0673616604605059 0.0145166698270063 0.0552482394957912 0.0751363367896928 0.0339667956285391 0.0613935550253769 0.0421470607654943
0.000206087670768396 9.68005210938792e-08 0.000126858069314326 0.00915936701634825 0.000227128897459077 0.00468712021815278 0.000373628846852322
0.540655368522386 0.876447176003589 0.506679519444674 0.395269047877988 0.500145390686488 0.402051409743536 0.535995300544766
0.289652377429685 0.368998097536067 0.276327193710392 0.208975737226919 0.269202209352431 0.253528938589339 0.275937688077739
0.209947669399553 0.303950204736272 0.29350984696479 0.433803500293783 0.169357053514671 0.15292551041539 0.1602622855331
0.403262070953116 0.41864133468363 0.353959521921589 0.288890285044013 0.361532474323724 0.343146009162094 0.349892058207303
0.736308934057381 0.966642811072358 0.729407238869113 0.485350092923991 0.726647230476548 0.579539856409268 0.709496665301944
0.926928765286455 0.649124895131986 0.870385713603809 0.567047944381351 0.774767448633572 0.657308561581771 0.741580110973038
0.0127938709558369 0.123316266087573 0.0121248576932509 0.000755234688908505 0.00997797496426657 0.000722095871342644 0.0154310567856339
0.0143899396455658 0.000818592620204329 0.0120029785616638 0.025766853914398 0.01076184133398 0.0245523922451202 0.012194778256477
0.562538805345381 0.658355083848088 0.573231311773176 0.525573388903307 0.562517784380061 0.597941590482721 0.474350219497548
0.037736479097928 0.00257627551966264 0.0274356415548904 0.0562976205295948 0.0302418016511669 0.0712096828261679 0.0212138774352255
0.175230969157881 0.00600746928137458 0.13286207159614 0.31924827267373 0.135700448234933 0.216080070896932 0.117773011629058
0.280189369052215 0.217060195688453 0.256791337849743 0.288404142345296 0.269675497926915 0.252320019520301 0.274256920938016
0.286753310456448 0.244863769487103 0.258383088097575 0.246422994410397 0.261969186429467 0.228169085097832 0.263092141958194
0.775696802276616 0.924813228684554 0.730112804508334 0.54682355270469 0.694393002124881 0.591726190800652 0.715931784577267
0.398708618750242 0.0267398000376292 0.356601913093411 0.23746883529103 0.352081438552579 0.289715690516215 0.285144149585774
0.368993075363397 0.381484226233516 0.321889948823163 0.237065137654149 0.343406716875491 0.307168569670056 0.352926227585342
0.110279262882176 0.922331601607587 0.125408329604072 0.300160513282654 0.241360262435086 0.202412711145423 0.276817946203067
0.01113378328714 0.0284834867846157 0.0155409539435281 0.0644789319269272 0.0397484277585918 0.0344138324025392 0.0339605809402308
0.0740633276686195 0.029694211323548 0.0611176580931762 0.0830342374242243 0.089792332407231 0.0885458163537619 0.0752114712886959
0.208414315552537 0.250055352237099 0.228692081454511 0.221035400607953 0.303169960586736 0.212849583389433 0.255999685711449
0.311559278674771 0.376359473209817 0.297063541723696 0.243618110730215 0.358935381476401 0.259364828760464 0.330053389803774
2.23229118607726 2.03756495164061 2.24417925756452 1.04926881911986 1.76807922328577 1.41517830342475 1.78503688389035
2.45432747369684 1.99324482776991 2.25211608847068 1.0594541507095 1.79712220907962 1.51939258550987 1.81103514024836
3.62955814953526 3.37120605570541 3.50133264618564 2.08905000840731 3.1035811277176 2.63890956660551 3.14899695026483
0.0962687860628548 0.254038223177065 0.0716356398161582 0.00683940566497482 0.0365112176261931 0.0269554945094441 0.0578432751661006
0.302047607783489 0.601191341603429 0.307907212724375 0.0277682478306073 0.200561360842289 0.124337078994663 0.247920209943114
0.168051219029159 0.166794544755402 0.184310472410444 0.153322271461295 0.222954164065652 0.180095101918189 0.196183031755538
0.715256117378666 0.934725403293901 0.713435334266402 0.492912715407155 0.835925485379921 0.558912069256485 0.746239693208991
0.354046798379312 0.451630290703551 0.37794154145846 0.269621371905322 0.430263315735937 0.320887535879901 0.38822185850586
0.851507995038235 1.28741099298461 0.865507813271973 0.584414448673313 0.962877503301727 0.681050552040694 0.898426173739941
0.0109363510577927 0.00135123314110619 0.015884304066394 0.0453876753594902 0.0317218672361463 0.0363554919306286 0.0179843611555349
0.00639765922137877 0.0217040158020909 0.00264162381634342 0.00521960807284329 0.000539853233703229 0.00203443325597411 0.000224877320911656
2.01666011143168 1.73929732529134 1.83781625873031 0.784514013078367 1.48440898925826 1.12426767559927 1.53938392783918
0.00696189178160056 5.8243874112521e-05 0.0150121547798429 0.031538409049146 0.0337081120970231 0.0289901473917349 0.016172471041292
0.01103730317113 0.00442688350158813 0.0198094274675 0.0325530457748348 0.0361198117041953 0.0268051686931493 0.0230089587684285
3.57332871279803 2.8672577582042 3.44843801280382 2.1720450874427 2.96200679857921 2.628325083591 2.95355237163053
8.36842400790334 7.10673590744473 8.3909579528089 13.0803363723345 9.54426511805848 11.1899723133749 9.64938456677343
9.6073770295117 8.99231154857928 10.781275409934 19.7859721835287 13.001489509554 16.5671078491017 13.2662848067132
5.27241307846998 4.11182732351988 4.88194693594235 4.97959866658133 4.78363231500648 4.61792323904465 4.76105956412228
3.0906820847763 2.40381770702321 2.84592315121881 1.78035833216356 2.47046428215877 2.13728547073476 2.42460458962104
2.59751103763621 2.18558058806064 2.52861392466328 1.39125888417734 2.11487026651903 1.73302320304256 2.08510779500893
2.57945407230331 2.18883140762675 2.38548742129142 1.147567711119 1.98597382078113 1.5349485693265 2.07026339704806
2.77329770646706 2.38853420775251 2.5661246817074 1.40568967394622 2.28145925288981 1.73150059815848 2.2916432128382
4.45679416901902 3.47629817303511 4.15519795859046 3.08656423421855 4.00892258220911 3.33353646990314 3.97821124565877
3.44291093602866 2.9608455995538 3.32794146069969 2.02132711930648 3.09659498979616 2.29517758834455 3.05690273149845
2.33096489060764 2.09970555485412 2.22657356684246 0.912953028989314 2.00245339117262 1.30099010461066 1.98852304923731
3.27531102761667 2.6774485721538 3.07221794193309 1.76359996528821 2.91128180425528 2.10748827297828 2.80803816611575
3.16899562298616 2.43490698822071 3.07140947649915 1.58028480915504 2.69558990602585 2.17361078867231 2.5854216752849
2.83202472566783 2.30167649920676 2.71130696311906 1.49326974506345 2.39854565678656 1.94740515907602 2.30488029944682
4.4069366303037 3.41793166138799 4.1581061857911 3.23111182986666 3.94967995704406 3.32264412566866 3.89221882721049
2.87400311562712 2.41672694904938 2.81225691714698 1.60956116465052 2.4647324458633 2.02528530913194 2.37981737234556
0.859233504337125 1.04238993803326 0.913670181158932 0.413405434271087 0.714698340884182 0.546505659935964 0.695431119119616
1.41619794666833 1.15516308372088 1.36415039394563 0.571699031519869 1.15283992656755 0.839974655990519 1.07213943338178
0.649124793946312 0.800829824938536 0.621893097859688 0.285478308684104 0.479703081589289 0.409449852312285 0.48488209026333
1.8261828617623 1.71885659142209 1.75026184376979 0.805263317930496 1.48626492747815 1.19203636434874 1.46659808951813
4.6900134304167 3.63665995657803 4.54491580821518 3.95640646495873 4.30099751892497 4.03535441396845 4.19672592720256
5.38712672876128 4.20025554469247 5.15051071459695 5.16897837940852 4.91216212628317 4.94562242044068 4.87140607190789
5.25147754503675 4.15296143735123 5.0489839141315 5.18251121966486 4.91767912022874 4.86738083126893 4.88392782870747
3.7921998361356 2.99080888136786 3.61830237036947 2.43704741940664 3.22076790621902 2.85494762975308 3.1666421491663
4.07795128284602 3.37401420882724 3.88362667160959 3.14441613048446 3.47306706827909 3.19984786178625 3.45009624542502
0.558956129272475 0.714509005216658 0.520055341549874 0.195609187446475 0.424159723307132 0.316949163057016 0.429626930739027
0.61139971332576 0.784260986027607 0.575460978692713 0.237672946697438 0.476181904828234 0.367356070665665 0.482122741372112
1.06179717605364 1.16996328773242 1.00162322967277 0.430063353339407 0.835796052747726 0.633810880166653 0.834938714041196
0.171173196648244 0.340188792182631 0.163385136541604 0.0397880165770964 0.118215021694391 0.0876637805642817 0.129397352917044
0.0819883998026806 0.0171828354924719 0.0867694184039484 0.000273440039183837 0.0346844251865676 0.0182189107964004 0.0294879172222777
0.0146066646014229 0.0477917963221592 0.0120786764525717 2.10097262756927e-05 0.00349400282240285 0.0042223244059333 0.00509872060469393
0.0367115357125215 0.0400740987868557 0.0367994499871723 0.0471787179996188 0.059572428412498 0.0444226816896008 0.0570310890501035
0.0801462686663152 0.201038047580779 0.0647561656008218 0.0135614016843059 0.0442308379606902 0.0313151935524563 0.0126656492541432
0.0402611858714189 0.062570279001634 0.0322250265017962 0.0077167718977997 0.0184534098534629 0.0185460500851172 0.0184602725199837
0.0139280783539843 0.00749991583135833 0.02957394303385 0.0472661658627955 0.0427877275199312 0.0361179339607008 0.0309984190723217
0.0324136429317396 0.0283047313176662 0.0467432575820892 0.0390461081842951 0.0381605823901789 0.0364533748238701 0.0426726760883005
0.000712527437112448 0.0197381337839315 0.00017005075541185 0.00438208553494069 0.000172484030077984 0.000819479868351812 2.67179951451527e-05
0.338017978236483 0.562667526369221 0.29771638825028 0.156147884165824 0.298232952081471 0.198404009666596 0.286553602361334
0.0137606669480139 0.0237757380132233 0.00669344979254284 0.000192078887775936 0.00693989853627177 0.00216200206760148 0.00474071768557168
0.271597930383399 0.512739174683513 0.254314976256292 0.0673642824980073 0.245666908314134 0.15023890365334 0.238338722605709
4.91408899238199 3.58381700205602 4.40728825588144 4.20238953092621 4.17550559734333 4.13106421513917 4.14285597641362
9.61987425301975 8.9656678233296 10.4559224695249 19.4106039976678 13.0086254792562 16.9083657736571 13.1488724063529
9.55045139809563 9.0053019333844 10.5534077249251 19.8351777698813 12.9611640580898 16.6694773485015 13.1217983407499
9.15930350926215 10.4853705976209 12.0388752744847 25.1669759828252 14.8052103665474 20.9201304616979 15.6243569118509
9.43470292136036 10.0478853012 11.6648649117384 23.8503294712484 14.652125532297 20.0938319084287 15.0460068698879
8.36322313192749 6.94368879007596 8.54223541149214 13.9575086024851 9.82013923041225 11.5178927131792 9.6300660792338
0.469573386971005 0.556943281601178 0.416969482030986 0.159609249292491 0.310298325068619 0.27771469024648 0.323527505835309
0.179489012666262 0.284559693630339 0.136010604001672 0.0594177562283669 0.114375473755367 0.10672995276354 0.119858815975804
0.000261239278543494 0.0039222810124853 0.000108041044729351 0.000869727156238236 0.00383463827230601 0.000153464529050716 0.00186156332536089
0.00027275242682065 0.0212178249222186 0.00418469273737935 0.00885928003685923 0.010849301261731 0.000184549142469805 0.0109130452892558
0.000610139457239529 0.00723062641663159 0.00157949026857886 0.00394279714926402 0.00319219673120003 0.000554953282750071 0.00225546356080879
0.0380685959431168 0.0403088078629854 0.0436823843868861 0.0264169855087344 0.0490317701242266 0.0317229129754941 0.0496438522865388
0.0397847092737761 0.0815927437070138 0.0400412097331818 0.0421613012655271 0.0459291091203456 0.0297842036262859 0.0557087404583138
0.17370003284376 0.097497974366933 0.173644206472277 0.118761353278422 0.151276379465092 0.124576512341936 0.150933212747794
0.107544832269159 0.127100282434377 0.137865234478351 0.0897665264629547 0.160703085458738 0.0848996287184565 0.140332554051032
0.123898987974268 0.0848631789057184 0.111563264334509 0.0577727801772769 0.133121717954998 0.0850720571630901 0.120051834148069
0.369711111076353 0.4693830862921 0.403255980172147 0.264559828980542 0.414079126853003 0.269909608294823 0.3991709283299
0.100448660865374 0.113673687053069 0.105640339569771 0.0670996209442367 0.117917547788947 0.0827101229672843 0.112047798322366
0.00442159110007397 0.0155505590813914 0.00672775004168676 0.0125468246417959 0.00349491457905649 0.00488324360109147 0.00258287705553288
0.123612240461805 0.133251533415867 0.139819395207098 0.011498213011426 0.125950859226296 0.0865047721223451 0.127220130627972
0.173768523854617 0.153045122946093 0.179174609289301 0.0865609342628717 0.155619636586249 0.122177076488784 0.160097927461221
0.192470042601919 0.217236167663427 0.197702094388412 0.119794991674334 0.190912570549862 0.135264293121645 0.187820733130257
0.0857018874482813 0.116920572569846 0.114821538136668 0.0731144444894155 0.146061989478083 0.067992504097336 0.123643777421817
0.00647730219821811 0.114110060813157 0.00579512335502575 0.00251311096888708 0.0107457100134595 0.00914748304180622 0.0129585432847658
0.00935124787370725 0.0283346824487255 0.00971298641720067 9.9039304734861e-06 0.0142091178385215 0.00324085821119368 0.00846411726417703
0.20005799298577 0.404306285060658 0.189617974863152 0.0758076161165362 0.185733269104918 0.161745999375666 0.183749623182708
2.26669404449503e-05 0.0587291971520165 0.000101686484938994 0.000321266906903058 9.13832818503866e-06 0.000209376061340634 0.00029479481748351
0.0157162523779474 0.0207007602491844 0.0249801094266717 0.0144290438612484 0.0214025043163137 0.0104509814100062 0.0235210194113934
0.237240337789425 0.310179447119907 0.253014350551484 0.155463987791836 0.246025879151022 0.163404545970918 0.248737748063144
0.36655648766799 0.476812021150647 0.350576408534431 0.218741636001655 0.333311907187231 0.256148183400996 0.352963688804235
0.324251304191392 0.321384102367574 0.315694513812179 0.21911599866074 0.270359917390926 0.245180630247276 0.291070561912056
0.05323618985051 0.0785009794158653 0.0356890219855181 0.01366027569029 0.0326178737982349 0.0291961692403911 0.029106809553496
0.158957718348159 0.283719295228972 0.14869709321945 0.0696767429151722 0.158391532276864 0.112644602271484 0.145292394189667
0.174938559841682 0.260275811598338 0.136394429626183 0.0693668502298795 0.124496567634504 0.113072868775645 0.125363674308923
0.134256349208556 0.329957463894556 0.13748270629849 0.038366415627269 0.160481317845694 0.0846844658739292 0.138474119534083
0.0170277212137161 0.323399176092808 0.014774878217284 0.00191274533178659 0.0447222046763095 0.0111981431727064 0.0444645027515191
0.296406292675843 0.355779680715514 0.320406762722614 0.218068872381017 0.306308160596834 0.223921697088246 0.304337682246953
0.000398198041624087 0.00732081495321851 0.000144841043061828 0.0011623171686212 0.000116834831370163 0.000523807736447281 4.1167857716885e-05
0.138742759249023 0.241167895006428 0.129990568758104 0.0462144011536831 0.135333796575394 0.0862235243106903 0.118743396304217
0.331341704090638 0.593110302945621 0.299777289090104 0.154239852760502 0.280492587039941 0.232506086678996 0.285093757096015
0.0263238814508813 0.0869342598147755 0.0301520088144873 0.0574589793269024 0.0416030172498464 0.0375777557351573 0.048221974200097
0.0114190968222407 0.00805638007463519 0.0115273934193451 0.0145723642208238 0.0191006324122715 0.00931750309373726 0.0179223783099306
0.0111832511176898 0.000394526114674121 0.0138648836500996 0.00263090656842044 0.0153513681117753 0.0117348877062564 0.0132080268053482
0.0667000604375034 0.0832279925014258 0.0688584770523798 0.0524003635787169 0.0705131125201254 0.0498645817379338 0.0749016206601476
0.00125397205365345 0.00296388422881476 0.00137427210929004 0.00298904479926558 0.00131642806672333 0.00187207020859579 0.00152451391596708
5.43496857984431e-05 0.00265644891403285 0.000199853642001556 2.46903575594774e-08 0.00138398107234246 0.000294743343216546 0.000636544183859908
0.0439896314246299 0.0654480261720366 0.0624795740314687 0.0237648783075316 0.0659124088602521 0.0335864255806568 0.0621997102662494
0.00330693619391892 0.00249100995071069 0.00344115060759318 0.0121452726285356 0.000223321851470397 0.00593130220932483 0.00141866540722321
0.00544866171616795 0.0283544978166606 0.00192525046590861 0.000264838045826508 0.00181883929630005 0.00247816235071895 0.00244429589931271
0.027148294273119 0.026913995883975 0.0335379234739959 0.039132689417463 0.0364292139172983 0.0204197936293396 0.0339474591119017
0.00028511495979479 0.00735834604767856 0.000391599177298082 0.00429858882061744 0.00045222903180555 0.000693775450340633 1.03070385213789e-05
0.112372215613501 0.0449029851769284 0.119517035712306 0.0868316886466697 0.103759350721524 0.0763355113959655 0.0981366802729751
0.0132231387531444 0.00187374233657316 0.0126004103059037 0.0141412542355773 0.0111935014142976 0.00890937740012366 0.0124499079576063
0.0178793069384082 0.0569201268803229 0.0161269126663317 0.00265250050486745 0.0126486921082472 0.0135346553808326 0.0126018651573618
0.0139953040802899 0.138328681922325 0.0140329746325772 1.08309429831762e-05 0.0171124038510591 0.00722914441712139 0.017055755533033
0.0236994943577321 0.0618898669465188 0.0174091179799374 0.0056466399055384 0.0123783202193437 0.0220924025881818 0.0143685502820482
0.044671635312169 0.0479541437094492 0.0559526774973321 0.0450827805501253 0.057968682457833 0.0326285311626678 0.0575029391303674
0.0270720968245424 0.0283747003333714 0.0378209321644279 0.0406052211175107 0.0372528496859175 0.0226109793238041 0.0375211447475721
0.0150503659145386 0.00772966346760582 0.0179683702282997 0.0182632963248634 0.0256356258002215 0.0117969747497327 0.0217218619183697
0.00312713253713534 9.42522201961723e-05 0.00460006208511904 0.0082391783115214 0.00509016861562294 0.00301055486256745 0.00530813808738816
0.0172579732696827 0.0338092169509972 0.0264834602027105 0.0530144325671463 0.0427274328937115 0.0226977170993968 0.0353949363522958
1.99498282773393 1.72314758228647 1.81199726818341 1.01998229553765 1.497450365624 1.41691709593458 1.50490348541479
3.96407339833564 2.98997119339956 3.59980848221833 2.74275648028106 3.37296735567199 3.20892330290898 3.28736994343667
0.220441867863135 0.377279090878213 0.174212762806603 0.0947550613379449 0.15686323865624 0.157596461442817 0.162940078267674
0.176730528360508 0.314535741303878 0.13738467733379 0.0746636416004042 0.104864921557253 0.129811692927753 0.118619130228268
0.0877098341826991 0.194719856601221 0.0817844370454627 0.030658797030226 0.0540795008655698 0.0607026187855292 0.0620451644981926
0.0558350687034386 0.133263272921759 0.0379261593424363 0.026048128016676 0.0237586669314151 0.0521079710984351 0.0323403770622517
0.28591318330699 0.36593800394858 0.272589862903963 0.117832108820787 0.195058898199381 0.191547808260367 0.203234455703296
0.00389757101912475 0.0133274792771394 0.00360465413134115 0.000196047651368988 0.00131717655436294 0.00263345641973989 0.000980703098338631
0.0178086545778093 0.0610767621906925 0.0186959875376088 0.0156126048226287 0.0157960108819821 0.00866397467542792 0.00629460312147416
0.00258707302184276 0.0254218568047465 0.00164141236851584 0.000494155389786063 0.00149845700308469 0.00125469181381773 0.00195808558855793
0.106389447635051 0.346660295476662 0.0966181140635717 0.0242049773829844 0.0819374752627463 0.0760374524317262 0.0956283976161056
0.00293597294186199 0.0594938731113241 0.00092118411338959 0.00384447288818078 0.00124949223342313 0.0012113598714279 0.000416709761869932
