    94    16.60000000
    95    11.55438596
    96    38.12173396
    97    33.47483407
    98    33.51762860
    99    40.91614439
   100    36.51095019
   101    41.29193709
   102    44.87525909
   103    37.38820321
   104    35.26643139
   105    33.44990990
   106    28.60219850
   107    29.79084978
   108    28.23234733
   109    40.35236441
   110    42.21628884
   111    36.64847611
   112    32.95683376
   113    36.50304050
   114    34.19431473
   115    50.99555692
   116    46.89370145
   117    42.06995310
   118    48.41812667
   119    69.66388350
   120    64.76365558
   121    63.52782756
   122    59.77184552
   123    71.26443205
   124    89.75986141
   125    84.28106886
   126    79.32697827
   127   102.21221186
   128    97.50413209
   129    91.71146468
   130   108.22187163
   131   106.65699404
   132   103.68241861
   133   100.18077352
   134   100.68541167
   135    96.92106190
   136    91.20282853
   137   114.49712647
   138   108.43538794
   139   104.64374197
   140    99.23581676
   141   114.46074728
   142   130.68707463
   143   127.40958975
   144   123.02113769
   145   123.25299443
   146   119.35481130
   147   121.04371112
   148   115.73259972
   149   112.00453389
   150   107.79821664
   151   105.38315216
   152   102.43491862
   153   100.10606276
   154    98.29313217
   155    93.48096642
   156    90.29432659
   157    85.89870418
   158    83.07705683
   159    81.28275822
   160    80.55810322
   161    92.37756718
   162    90.85969562
   163    92.51823520
   164    91.18110968
   165    88.97323450
   166    87.49374960
   167    83.40561807
   168    80.44710647
   169    77.71596392
   170    75.03872498
   171    75.53405206
   172    74.71798226
   173    86.59006130
   174    85.98458900
   175    83.26151923
   176    79.42321772
   177    93.45633154
   178   110.33989512
   179   106.09541871
   180   101.67198753
   181   101.46610052
   182    98.50270526
   183    94.55353925
   184    93.07402228
   185    91.91927813
   186    87.92246000
