    94     1.10000000
    95     2.39375000
    96     6.44022571
    97     2.77379456
    98     1.53482530
    99      .71948769
   100     2.54305844
   101     6.24833281
   102     3.56057737
   103     3.03467116
   104      .36400346
   105     2.40262623
   106     1.18992347
   107      .00000000
   108     4.64285714
   109     9.28571429
   110     4.32556391
   111     2.85320543
   112     5.23755009
   113     3.77763578
   114     6.12807731
   115     9.43846508
   116     6.18234318
   117     5.86924596
   118     2.63611131
   119     4.45664905
   120     2.60262910
   121      .67752594
   122      .00000000
   123     1.57692308
   124     3.15384615
   125      .57929788
   126     1.75091227
   127     1.01010873
   128     1.19393406
   129     2.46165373
   130     3.56229691
   131     1.37538967
   132     3.74817994
   133      .89199563
   134      .11841768
   135     3.75114897
   136     1.05016836
   137      .00000000
   138     1.57692308
   139     3.98846154
   140     2.77481512
   141     1.58957583
   142     1.53474378
   143      .00000000
   144     5.15384615
   145     1.83987441
   146     1.48907651
   147     1.02564625
   148     1.97865337
   149     2.14788050
   150     2.20590110
   151     3.93326238
   152     6.01666898
   153    10.65324044
   154    16.43049694
   155    11.06520106
   156     7.59050852
   157     4.84160451
   158     3.80810528
   159     2.12841637
   160     4.79247945
   161     3.24730052
   162     2.84604930
   163      .30261358
   164     2.92259966
   165     2.46396873
   166      .23543068
   167      .58763483
   168     3.88000230
   169    10.37402711
   170     6.65775764
   171     4.18441021
   172     1.52010937
   173     2.06300849
   174     2.39600564
   175      .56902395
   176      .55403843
   177     2.18485123
   178     6.09872467
   179     4.15818930
   180     1.28348415
   181     1.48673679
   182      .00000000
   183     1.10000000
   184     2.20000000
   185     3.30000000
   186      .79658120



