-0.0503462 0.563768 -0.187059 -0.346461 0.556773
-0.291302 -0.0638295 0.34925 0.229659 0.0659603
-0.143395 0.146965 0.467305 -0.927098 0.161366
1.95759 1.61591 -2.00551 0.2519 0.0613674
-0.381338 -0.775569 1.09489 -0.210978 -0.206831
-0.688083 -0.187046 0.758178 0.338374 0.288571
0.466286 1.1053 -1.22377 -0.335801 -0.638633
-0.344003 -0.538122 1.44925 -0.246461 0.51578
-0.381444 -0.963857 0.267105 0.494825 -0.170436
-0.628154 -0.469428 0.676233 -0.70257 -0.443227
0.0223157 -0.124622 0.512542 0.0825606 0.383976
-0.0730616 -0.284848 1.01254 -0.818395 -0.238632
-0.190684 0.296995 -1.06028 0.236417 -0.111426
-0.229545 0.44045 -0.178132 0.364506 0.0885744
-0.197692 0.505302 -0.823568 -0.174186 -0.67503
-0.234383 -0.657442 0.658378 -0.296131 -0.35242
-0.366137 0.471289 -1.14182 0.431923 0.415778
-0.190673 -0.558387 0.412942 2.04388 -1.63863
-0.359084 0.225538 -0.778131 0.325564 -0.166204
-0.248085 0.156088 -0.596187 0.0874753 -0.152419
-0.356938 0.317261 -0.287058 -0.183514 -0.047823
-0.186841 0.551054 -0.796186 -0.234504 0.488572
-0.128252 -0.11169 0.0220689 0.0938687 0.497764
0.375409 0.266474 0.0946865 0.0380669 0.334162
-0.130813 0.296806 -0.523567 -0.497417 -0.0340382
-0.283102 0.324403 -0.805313 0.293209 0.0931685
-0.509201 -0.40571 0.567504 0.289034 -0.606832
-0.206061 0.68095 -0.532695 -0.409021 0.915778
-0.181931 -0.221132 0.640124 -0.497428 0.00235814
0.210098 -0.0974334 -0.45095 0.246428 -0.138633
-0.308581 0.465529 -0.623568 -0.314197 0.356773
-0.218925 0.120941 -0.250749 0.293857 0.829564
0.011161 -0.51537 -0.405313 -0.218384 -1.46124
-0.0413338 1.21358 -0.35075 -0.335813 1.10659
-0.273444 -0.693316 0.14925 0.136758 -0.197639
-0.0468519 0.626484 -0.723567 0.505803 0.224968
0.218252 0.451272 -0.0961865 0.32421 -0.0386311
0.0127088 0.421886 0.340123 0.388408 0.924969
0.281385 -0.690072 1.21274 -0.0128773 0.638756
-0.170619 -0.00709309 -0.442022 -0.141922 -0.161244
0.663184 0.337933 -0.496385 0.468067 -0.406832
-0.136111 0.581168 -0.669004 0.176793 0.352175
0.148962 -0.0875554 0.503814 -0.87579 -0.338634
-0.270665 -0.733526 0.812742 0.576428 -0.679626
-0.512596 -0.602058 0.776232 0.0648472 -0.620617
-0.196962 0.427109 -0.242022 -0.223219 0.111185
0.445701 0.83447 0.0944873 -0.33323 -0.111426
-0.274308 -0.739287 0.649051 -0.219692 0.488572
0.122789 0.677269 -0.923768 -0.0677581 -0.102234
-0.104819 -0.294479 1.38556 -0.209044 0.12497
0.0551509 -1.11307 0.912541 0.029341 -0.306833
-0.101504 0.145047 0.294287 -0.320329 -0.279625
0.048625 0.397214 -0.0874587 0.181275 -0.667822
0.437715 0.413799 -0.660076 0.488385 -0.414257
-0.152053 0.451054 -0.969004 0.408727 0.0475814
0.488357 0.118424 1.0675 -0.840943 0.788571
0.117377 -1.06962 0.194487 -0.275824 -0.497642
0.376629 0.240012 1.09449 0.0370772 0.820374
0.844901 0.0586058 -0.396586 -0.306461 -0.497642
0.254108 -0.198378 1.34905 -0.0822746 -0.279625
1.8247 -0.0199954 0.494287 -0.0680764 -0.447825
-0.0553523 -1.22598 1.20341 0.198055 -0.084222
0.216702 -0.588748 0.776033 -0.271933 -0.0796241
-0.663073 -0.389475 0.030596 -0.167428 0.0885744
0.057392 -0.561876 0.467105 0.415473 0.0249711
-0.430804 0.868236 -0.932895 0.31388 0.224968
-0.317255 0.0707818 0.230996 0.0142102 0.561367
-0.392195 0.453352 0.112742 -0.631603 0.934161
-0.0711915 -0.93079 0.358177 -0.0103407 -0.224847
0.0728115 -0.584121 0.294487 0.554506 0.293169
-0.185431 0.699513 -0.860077 -0.228372 0.729566
0.0375769 -0.525756 0.940124 -0.513549 0.170557
1.91172 0.40392 0.28536 -0.16389 0.197765
-0.463034 -0.0498905 -0.51464 0.327725 0.0295651
-0.448987 -0.146647 0.321868 0.3271 -0.00683
0.914149 0.349891 -0.196386 0.0480779 -1.47503
0.0591986 -0.570564 0.567305 -0.21612 0.101993
0.00368971 -0.826193 0.539923 0.0948359 0.0521755
-0.512514 -0.0126635 0.376232 0.0235503 -0.0432289
-0.0169603 0.233308 0.176233 -0.10645 0.0567733
-0.226045 -0.377707 0.28536 0.0648357 0.12497
1.17247 -0.629655 -0.114641 0.500001 -1.70683
0.0591283 1.55722 -1.49639 1.21131 -1.23441
-0.231738 0.227357 -2.02337 1.57393 -2.0026
0.261701 2.18557 -1.15948 -0.0295894 -0.448191
-0.0265086 -0.283847 0.385959 0.539079 0.33839
-0.161199 -0.812535 -0.287058 -0.318987 0.0567733
1.03334 -0.949164 0.403813 0.383561 -1.07503
0.223907 -0.163449 -0.0326951 0.162925 -0.325212
-0.0250677 -0.890827 0.867305 0.42276 -0.0524209
-0.296581 -0.946458 0.476232 0.315348 -0.279625
-0.27664 0.106846 0.221669 0.352606 -0.747824
-0.0414864 -0.185793 0.730796 0.310672 -0.088816
-0.379116 0.151244 -0.687459 0.501639 -0.347822
-0.179952 -0.27519 0.0673053 -0.397064 -0.216023
-0.271797 -0.105521 0.0127414 -0.378384 0.352175
-0.11793 -0.193345 0.212741 0.231924 -0.0386311
0.153213 0.188499 -0.0963857 0.35355 -0.17503
0.10936 -0.207819 -0.087259 0.322595 -0.0114279
-0.0297402 0.185983 -0.0326951 -0.359658 0.156772
0.0553929 0.737933 -0.432695 -0.470648 0.193167
0.146669 0.0607141 0.685559 0.770627 0.961369
0.0285571 -0.863639 0.494487 -0.687724 -0.493045
0.00165168 -0.29608 -0.369204 0.291275 -0.0114279
-0.398574 0.560904 -0.387258 -0.00193302 -0.0432289
-0.311123 -0.69816 0.630995 -0.575483 0.556773
0.0962564 -0.865967 -1.00551 0.438044 -0.334037
0.499515 0.165719 0.0492509 -0.160318 0.0885744
-0.272764 -0.272671 0.330996 -0.319681 0.424969
-0.0590876 -0.151273 -0.241822 0.443858 0.0977625
-0.259683 0.660904 -0.578131 -0.0706365 0.361367
0.0349304 -0.228273 0.494687 -0.451933 0.0977625
0.258444 -0.240668 -0.241822 0.351275 0.161366
-0.0467189 -0.195862 0.421869 -0.404834 0.0613674
-0.254517 -0.265748 0.149051 -0.272593 0.793169
0.107549 -0.1115 0.449051 -0.336791 -0.529444
0.230857 0.0825219 -0.414641 -0.245506 -0.479626
-0.232422 -0.701841 0.467305 -0.0464725 0.715781
-0.0707031 0.0606854 0.594487 -0.621626 0.665963
-0.215375 -0.151055 0.276232 0.00061518 0.270559
-0.0721486 -0.435634 -0.269203 0.177726 -0.0340382
0.654353 0.572862 -0.241822 -0.130648 -0.00683
-0.021928 -0.249891 0.0218682 -0.225813 0.224968
-0.186566 -0.486421 0.0673053 0.42644 0.461369
-0.493992 0.218613 -0.587259 -0.28612 0.365963
0.360588 0.0163162 0.0401232 0.0632203 -0.234039
0.159517 -0.374244 0.076432 0.0119348 0.956771
-0.0322202 -0.35977 1.06731 -0.419032 0.438755
-0.338326 0.0427488 -0.332895 -0.188725 0.40236
-0.267257 0.276542 0.303614 -0.488725 0.434161
-0.106229 -0.886202 -0.205513 0.45578 0.0341592
0.445717 0.0425303 0.412741 -0.381933 0.361367
0.0575344 -0.326919 -0.505513 0.00289051 0.0977625
0.185992 -0.775408 -0.523567 0.255154 0.161366
-0.0512307 0.0415842 0.894687 -0.121285 0.561367
0.814332 0.857441 -0.460077 0.282902 0.434161
0.7129 -1.25839 -0.178132 -0.121603 -0.165838
-0.282369 -0.363667 0.676432 0.320001 0.12497
-0.521531 0.0659367 0.439923 0.110012 -0.00683
-0.0248699 -0.539096 0.330796 0.171946 -0.17503
0.0769941 0.233089 0.230796 -0.219988 0.388574
0.185727 -0.181169 0.085359 0.372902 0.729566
-0.322995 -0.259769 -0.505513 -0.220955 -0.329443
0.35276 -0.387364 0.576432 0.247418 -0.843228
0.125251 -0.627139 -0.605512 1.09485 -0.288817
0.113483 0.711471 -0.169004 -0.60802 0.51578
0.164693 -0.677488 0.0309959 0.168067 -0.370436
-0.213422 -0.635853 0.421869 0.00129768 0.220375
-0.0483656 -0.170373 -0.15095 0.0306493 -0.306833
-0.374825 0.369398 0.512741 -0.248384 0.520374
0.251757 -0.259551 0.339924 -0.179362 -0.502236
-0.335116 0.216097 -0.0146404 -0.28001 0.252176
-0.388513 -0.237933 0.0490502 -0.187758 -0.306833
-0.14944 0.161848 0.103614 0.146759 0.320374
-0.129375 0.537932 -1.09639 0.280319 -0.238632
-0.272485 -0.279058 0.758377 -0.655153 0.588574
-0.0858651 1.20508 -1.09639 0.471594 -0.134037
-0.0879492 -0.0716984 -0.141622 -0.137735 -0.475029
-0.191498 -0.00844547 -0.305313 0.142902 -0.216023
-0.150164 0.402784 0.394687 -0.144834 0.652178
-0.191483 -0.181577 0.112742 -0.465164 0.265961
-0.154936 -0.179278 -0.141823 0.0506265 -0.302235
-0.297128 -0.328492 -0.0326951 0.117088 0.0885744
-0.0733256 -0.0140159 0.167306 -0.483549 -0.575031
-0.135443 0.698159 0.158177 -0.600341 0.51578
-0.180444 0.639096 -1.19639 0.688033 -0.370436
0.00349407 0.609927 -0.887058 0.345814 -0.379623
-0.297597 0.101432 -0.168804 -0.141273 -0.016022
-0.296729 -0.026382 -0.0416227 0.250649 -0.111426
-0.21574 -0.269619 0.440124 -0.459021 0.0885744
0.0964349 0.399104 0.058178 -0.130011 -1.07503
0.401478 0.0450755 -0.941822 0.949989 0.374789
-0.088061 1.01474 0.503814 -1.08223 1.52497
-0.204727 -0.513988 0.512741 -0.362604 -0.552054
0.0713164 0.0361426 -0.560077 0.06578 -0.0432289
0.141635 0.829437 -0.323568 -0.198077 0.456771
0.738033 0.452218 0.58556 -0.190659 1.39777
0.129707 -0.0624752 -0.15095 -0.159692 0.147946
2.97815 1.38211 -0.487259 -0.750659 -2.96584
-0.621965 -1.11283 1.08556 -0.362616 0.715415
-0.771961 -0.164076 -0.723768 0.299 -0.111426
-0.0406268 -0.0137974 -0.123568 -0.0848456 0.288571
-0.100647 0.601621 -0.323568 -0.0948456 0.0613674
1.27548 1.2391 -0.21444 0.760638 -0.206831
-0.328057 -0.270753 -0.71444 0.29454 -0.111426
-0.327486 -0.53258 0.158378 -0.16546 -0.111426
