1     0.26 26.3 11.8 3.760 58.20
2     0.63 26.5 11.7 3.810 58.20
3     0.74 26.2 11.9 3.880 57.80
4     0.48 26.2 12.2 3.650 58.40
5     0.34 25.5 12.9 4.100 58.10
6     0.48 25.5 13.4 3.190 58.10
7     2.50 26.8 11.2 3.870 58.00
8     0.27 24.8 13.1 3.780 57.70
9     0.09 25.1 13.8 4.280 58.10
10    1.55 26.0 12.2 3.880 57.30
11    0.18 24.7 14.0 3.750 58.20
12    0.17 24.1 13.8 4.420 57.80
13    0.18 24.1 14.1 3.590 57.40
14    0.44 24.3 14.1 3.920 58.10
15    0.36 24.2 14.6 3.200 57.70
16    0.27 24.8 12.8 3.860 57.70
17    0.29 25.1 12.7 4.350 57.90
18    0.29 25.4 12.0 4.080 57.20
19    0.23 24.4 13.1 3.810 57.30
20    0.10 25.3 11.9 4.390 58.10
21    0.26 24.3 12.8 6.320 56.30
22    0.07 25.0 12.1 5.660 57.20
23    0.15 24.9 11.9 5.060 57.50
24    0.07 25.2 12.1 4.460 57.70
25    0.19 25.5 11.7 4.080 58.30
26    0.27 25.0 12.3 4.200 58.50
27    0.77 25.3 12.7 4.210 58.40
28    0.34 25.3 12.3 3.680 58.00
29    0.24 25.4 11.8 4.180 58.00
30    0.10 24.7 12.9 4.450 57.30
31    0.26 25.6 12.4 3.900 58.60
32    0.25 24.8 13.3 3.510 58.10
33    0.62 24.9 12.7 4.040 57.80
34    0.17 25.3 12.2 3.770 58.20
35    0.27 25.1 12.3 4.230 58.80
36    0.56 24.5 12.2 3.970 56.70
37    0.41 26.0 12.2 3.710 58.60
38    0.23 24.4 12.7 4.040 57.90
39    0.51 25.6 12.1 4.590 58.10
40    0.73 25.4 12.4 4.710 57.90
41    0.52 25.6 13.0 4.840 58.80
42    0.88 24.5 14.2 4.510 58.80
43    0.49 24.9 13.2 4.200 58.00
44    1.28 25.1 12.6 4.640 57.50
45    0.59 25.5 12.1 4.590 58.10
46    0.81 25.0 13.0 3.510 57.60
47    0.55 24.3 13.8 4.370 57.10
48    0.12 24.1 14.2 4.330 57.00
49    0.44 24.9 13.4 4.020 57.70
50    0.98 25.5 13.3 3.740 57.70
51    0.21 24.3 13.8 3.700 58.30
52    0.71 25.5 12.5 3.830 57.90
53    0.58 24.6 14.1 3.760 58.00
54    0.57 23.8 14.5 3.960 57.60
55    0.54 24.6 14.1 3.720 57.50
56    0.65 24.9 13.5 4.090 57.08
57    1.04 25.2 12.6 4.600 57.20
58    0.48 25.4 11.8 4.800 57.70
59    1.16 25.2 13.4 3.660 58.60
60    0.88 24.0 13.4 3.600 57.60
61    1.04 24.9 14.3 3.880 58.60
62    1.68 24.7 13.3 3.690 57.60
63    1.07 24.6 14.5 3.810 57.50
64    2.72 24.7 14.3 3.890 57.30
65    1.06 23.5 14.9 4.200 57.60
66    1.24 23.8 14.8 3.900 57.70
67    0.65 23.8 14.0 3.840 57.90
68    0.88 23.7 14.0 4.390 57.90
69    0.39 25.1 12.6 4.590 58.10
70    0.33 24.7 13.0 4.400 58.50
71    0.26 25.3 13.1 3.650 59.00
72    0.43 24.0 13.4 3.860 58.00
73    0.56 24.1 13.5 4.540 58.20
74    0.31 25.1 12.4 4.130 58.70
75    0.58 24.2 13.6 3.620 58.30
76    2.48 25.1 13.6 3.690 58.20
77    0.19 24.7 12.8 4.220 58.00
78    0.35 24.7 13.2 4.510 57.90
79    2.00 25.1 12.9 4.390 56.40
80    0.62 24.3 13.5 4.060 57.50
81    0.71 23.9 13.8 4.190 57.80
82    0.51 24.4 13.8 4.190 57.80
83    0.61 24.7 13.6 4.060 57.90
84    0.41 24.3 13.6 4.160 58.00
85    1.75 24.0 13.2 4.650 56.20
86    0.73 26.0 11.6 5.630 56.10
87    0.47 25.2 10.2 6.530 55.30
88    1.21 27.4 10.3 5.420 56.60
89    0.65 25.4 11.9 5.380 57.80
90    0.49 24.8 12.1 4.500 57.90
91    1.82 24.0 12.9 4.720 56.80
92    0.92 24.4 12.9 4.620 57.20
93    0.72 23.6 13.8 4.825 57.60
94    0.71 23.4 13.9 4.830 57.50
95    0.45 24.2 13.7 4.870 57.00
96    0.61 24.1 14.1 4.850 57.50
97    0.25 24.6 12.9 5.030 57.40
98    0.37 24.3 13.0 4.230 57.50
99    0.29 24.5 13.0 3.810 58.10
100   0.35 24.4 13.2 4.190 57.90
101   0.65 24.8 13.0 4.520 57.70
102   0.61 24.5 12.9 4.670 57.80
103   0.52 24.9 12.9 4.070 58.00
104   0.68 25.5 12.5 3.630 58.10
105   0.76 25.1 13.4 4.630 58.90
106   0.64 24.2 13.7 3.720 57.70
107   0.66 24.4 13.0 4.200 57.80
108   0.27 25.1 12.6 4.170 57.80
109   0.30 24.1 13.4 3.580 58.40
110   0.67 23.8 12.2 4.270 57.70
111   0.99 24.5 12.6 4.050 57.90
112   0.29 24.2 13.1 3.770 58.30
113   0.60 24.4 12.8 4.380 58.10
114   0.43 25.2 12.3 4.200 58.30
115   0.55 24.6 13.1 3.720 58.10
116   0.85 24.6 12.8 4.260 58.10
117   0.53 24.5 13.3 3.800 58.00
118   0.37 24.4 13.3 3.680 58.70
119   0.77 24.5 13.6 3.550 57.60
120   0.81 24.7 12.9 3.570 57.30
121   0.35 24.0 13.4 3.780 58.40
122   0.60 24.6 13.8 3.320 58.70
123   0.43 24.4 13.7 3.690 58.40
124   0.46 24.2 13.1 4.070 58.00
125   1.24 25.1 12.8 3.970 57.90
126   0.57 24.5 12.9 3.820 58.10
127   0.46 24.3 13.0 4.390 58.40
128   0.29 24.8 12.4 3.990 58.40
129   0.93 24.7 12.7 4.120 57.80
130   0.72 24.4 12.9 4.140 58.80
131   0.54 24.3 14.0 3.720 58.60
132   0.38 24.6 13.2 3.720 58.50
133   0.36 24.9 13.4 3.420 58.50
134   0.45 23.9 13.0 4.200 58.10
135   0.96 24.6 13.4 3.790 58.30
136   0.61 24.2 12.7 3.950 58.10
137   0.80 23.8 12.3 4.290 58.10
138   0.68 24.4 13.5 4.100 58.50
139   1.46 25.3 12.8 4.400 58.50
140   1.45 23.6 12.7 4.160 57.90
141   0.51 24.2 13.5 4.470 58.00
142   0.43 24.4 13.7 4.430 57.90
143   0.81 24.0 13.7 4.470 57.70
144   0.66 24.7 13.6 4.100 58.20
145   0.78 24.4 13.4 4.490 58.70
146   0.37 24.4 12.7 4.110 57.80
147   0.99 24.2 13.4 4.370 57.00
148   0.79 23.9 12.6 5.360 57.30
149   0.72 25.1 12.6 4.200 58.20
150   0.92 24.0 12.8 4.340 57.60
151   0.49 24.0 13.3 4.250 58.00
152   0.63 24.2 13.0 4.230 57.60
153   0.32 24.8 13.5 3.940 58.30
154   0.82 24.4 13.6 3.850 57.50
155   0.27 24.9 13.3 3.700 58.00
156   0.15 24.5 13.2 3.710 57.60
157   0.46 24.9 13.2 4.050 58.10
158   0.33 25.3 12.0 4.370 57.70
159   0.18 24.7 13.2 3.610 58.40
161   0.43 26.1 12.0 4.320 57.90
162   0.39 25.1 12.3 4.100 57.40
163   0.27 25.2 12.3 4.260 57.50
164   0.37 25.4 13.0 4.060 58.40
165   0.31 24.9 13.1 3.630 58.30
166   0.32 24.8 12.9 3.910 57.70
167   0.20 24.5 12.9 4.130 57.90
168   0.40 24.7 13.1 3.650 57.30
169   0.34 25.4 13.2 3.270 58.20
170   0.28 25.6 11.9 4.350 57.60
171   0.51 25.8 11.5 4.600 57.40
172   0.20 25.4 12.0 4.250 57.70
173   0.19 25.2 12.4 4.450 57.70
174   0.30 24.8 13.1 3.850 57.90
175   0.53 25.3 13.1 3.850 56.80
176   0.86 25.0 12.1 4.930 57.90
177   0.45 26.0 13.0 3.490 59.40
178   0.41 24.7 13.5 3.420 57.80
179   0.73 25.1 12.7 3.810 57.80
180   0.70 25.7 12.5 3.760 58.30
181   1.32 25.6 13.3 3.740 59.40
182   0.84 25.2 13.0 3.760 58.50
183   3.72 26.5 12.5 3.180 55.10
184   0.43 24.3 13.8 3.250 57.70
185   0.26 24.9 12.7 3.950 57.70
186   1.42 24.7 12.7 3.950 58.10
187   0.48 25.4 12.5 3.940 58.00
188   1.88 26.2 12.5 4.790 57.70
189   0.59 25.1 12.0 4.790 57.70
190   0.40 24.7 12.6 4.330 57.70
